124
149
123
110
121
165
104
186
129
171
125
157
112
185
124
112
180
191
135
150
124
176
180
104
155
199
186
190
151
173
190
192
179
163
186
176
132
151
148
111
189
164
120
176
198
187
118
158
104
187
104
174
192
113
154
167
165
134
103
142
166
161
171
136
106
146
187
120
124
167
103
186
164
105
116
172
111
163
193
188
147
141
128
137
135
108
133
178
133
147
167
133
166
122
143
119
142
171
164
174
144
130
193
129
144
137
182
164
147
165
198
158
169
176
176
143
109
169
104
116
179
156
181
121
125
159
120
126
109
179
189
178
198
164
147
176
108
118
152
135
156
182
154
182
175
101
142
137
134
190
106
162
148
143
197
161
109
192
110
175
140
153
182
183
157
111
130
119
181
118
162
145
185
183
190
110
176
145
110
167
104
177
192
146
164
100
160
165
170
125
162
100
191
100
172
125
174
105
177
132
102
147
